0.0000	0.0000	0.0100	0.000000010000
0.0100	0.0100	0.0100	0.000000009998
0.0200	0.0200	0.0100	0.000000009994
0.0300	0.0300	0.0100	0.000000009988
0.0400	0.0400	0.0100	0.000000009980
0.0500	0.0500	0.0100	0.000000009970
0.0600	0.0600	0.0100	0.000000009958
0.0700	0.0699	0.0100	0.000000009944
0.0800	0.0799	0.0100	0.000000009928
0.0900	0.0899	0.0100	0.000000009910
0.1000	0.0998	0.0099	0.000000009890
0.1100	0.1098	0.0099	0.000000009868
0.1200	0.1197	0.0099	0.000000009844
0.1300	0.1296	0.0099	0.000000009819
0.1400	0.1395	0.0099	0.000000009791
0.1500	0.1494	0.0099	0.000000009762
0.1600	0.1593	0.0099	0.000000009730
0.1700	0.1692	0.0098	0.000000009697
0.1800	0.1790	0.0098	0.000000009662
0.1900	0.1889	0.0098	0.000000009624
0.2000	0.1987	0.0098	0.000000009586
0.2100	0.2085	0.0098	0.000000009545
0.2200	0.2182	0.0097	0.000000009502
0.2300	0.2280	0.0097	0.000000009458
0.2400	0.2377	0.0097	0.000000009412
0.2500	0.2474	0.0097	0.000000009364
0.2600	0.2571	0.0097	0.000000009314
0.2700	0.2667	0.0096	0.000000009263
0.2800	0.2764	0.0096	0.000000009209
0.2900	0.2860	0.0096	0.000000009155
0.3000	0.2955	0.0095	0.000000009098
0.3100	0.3051	0.0095	0.000000009040
0.3200	0.3146	0.0095	0.000000008980
0.3300	0.3240	0.0094	0.000000008919
0.3400	0.3335	0.0094	0.000000008856
0.3500	0.3429	0.0094	0.000000008792
0.3600	0.3523	0.0093	0.000000008726
0.3700	0.3616	0.0093	0.000000008658
0.3800	0.3709	0.0093	0.000000008589
0.3900	0.3802	0.0092	0.000000008519
0.4000	0.3894	0.0092	0.000000008447
0.4100	0.3986	0.0092	0.000000008374
0.4200	0.4078	0.0091	0.000000008300
0.4300	0.4169	0.0091	0.000000008224
0.4400	0.4259	0.0090	0.000000008147
0.4500	0.4350	0.0090	0.000000008069
0.4600	0.4439	0.0089	0.000000007989
0.4700	0.4529	0.0089	0.000000007908
0.4800	0.4618	0.0088	0.000000007826
0.4900	0.4706	0.0088	0.000000007743
0.5000	0.4794	0.0088	0.000000007659
0.5100	0.4882	0.0087	0.000000007574
0.5200	0.4969	0.0087	0.000000007488
0.5300	0.5055	0.0086	0.000000007401
0.5400	0.5141	0.0086	0.000000007312
0.5500	0.5227	0.0085	0.000000007223
0.5600	0.5312	0.0084	0.000000007133
0.5700	0.5396	0.0084	0.000000007042
0.5800	0.5480	0.0083	0.000000006951
0.5900	0.5564	0.0083	0.000000006858
0.6000	0.5646	0.0082	0.000000006765
0.6100	0.5729	0.0082	0.000000006671
0.6200	0.5810	0.0081	0.000000006577
0.6300	0.5891	0.0081	0.000000006481
0.6400	0.5972	0.0080	0.000000006386
0.6500	0.6052	0.0079	0.000000006289
0.6600	0.6131	0.0079	0.000000006192
0.6700	0.6210	0.0078	0.000000006095
0.6800	0.6288	0.0077	0.000000005997
0.6900	0.6365	0.0077	0.000000005899
0.7000	0.6442	0.0076	0.000000005800
0.7100	0.6518	0.0076	0.000000005702
0.7200	0.6594	0.0075	0.000000005602
0.7300	0.6669	0.0074	0.000000005503
0.7400	0.6743	0.0074	0.000000005403
0.7500	0.6816	0.0073	0.000000005304
0.7600	0.6889	0.0072	0.000000005204
0.7700	0.6961	0.0071	0.000000005104
0.7800	0.7033	0.0071	0.000000005004
0.7900	0.7104	0.0070	0.000000004904
0.8000	0.7174	0.0069	0.000000004804
0.8100	0.7243	0.0069	0.000000004704
0.8200	0.7311	0.0068	0.000000004604
0.8300	0.7379	0.0067	0.000000004505
0.8400	0.7446	0.0066	0.000000004405
0.8500	0.7513	0.0066	0.000000004306
0.8600	0.7578	0.0065	0.000000004207
0.8700	0.7643	0.0064	0.000000004109
0.8800	0.7707	0.0063	0.000000004011
0.8900	0.7771	0.0063	0.000000003913
0.9000	0.7833	0.0062	0.000000003815
0.9100	0.7895	0.0061	0.000000003718
0.9200	0.7956	0.0060	0.000000003622
0.9300	0.8016	0.0059	0.000000003526
0.9400	0.8076	0.0059	0.000000003431
0.9500	0.8134	0.0058	0.000000003336
0.9600	0.8192	0.0057	0.000000003242
0.9700	0.8249	0.0056	0.000000003149
0.9800	0.8305	0.0055	0.000000003057
0.9900	0.8360	0.0054	0.000000002965
1.0000	0.8415	0.0054	0.000000002874
1.0100	0.8468	0.0053	0.000000002784
1.0200	0.8521	0.0052	0.000000002695
1.0300	0.8573	0.0051	0.000000002606
1.0400	0.8624	0.0050	0.000000002519
1.0500	0.8674	0.0049	0.000000002433
1.0600	0.8724	0.0048	0.000000002347
1.0700	0.8772	0.0048	0.000000002263
1.0800	0.8820	0.0047	0.000000002180
1.0900	0.8866	0.0046	0.000000002098
1.1000	0.8912	0.0045	0.000000002017
1.1100	0.8957	0.0044	0.000000001938
1.1200	0.9001	0.0043	0.000000001859
1.1300	0.9044	0.0042	0.000000001782
1.1400	0.9086	0.0041	0.000000001706
1.1500	0.9128	0.0040	0.000000001631
1.1600	0.9168	0.0039	0.000000001558
1.1700	0.9208	0.0039	0.000000001486
1.1800	0.9246	0.0038	0.000000001416
1.1900	0.9284	0.0037	0.000000001347
1.2000	0.9320	0.0036	0.000000001279
1.2100	0.9356	0.0035	0.000000001213
1.2200	0.9391	0.0034	0.000000001149
1.2300	0.9425	0.0033	0.000000001086
1.2400	0.9458	0.0032	0.000000001024
1.2500	0.9490	0.0031	0.000000000965
1.2600	0.9521	0.0030	0.000000000906
1.2700	0.9551	0.0029	0.000000000850
1.2800	0.9580	0.0028	0.000000000795
1.2900	0.9608	0.0027	0.000000000742
1.3000	0.9636	0.0026	0.000000000690
1.3100	0.9662	0.0025	0.000000000640
1.3200	0.9687	0.0024	0.000000000592
1.3300	0.9711	0.0023	0.000000000546
1.3400	0.9735	0.0022	0.000000000501
1.3500	0.9757	0.0021	0.000000000458
1.3600	0.9779	0.0020	0.000000000418
1.3700	0.9799	0.0019	0.000000000378
1.3800	0.9819	0.0018	0.000000000341
1.3900	0.9837	0.0017	0.000000000306
1.4000	0.9854	0.0017	0.000000000272
1.4100	0.9871	0.0016	0.000000000241
1.4200	0.9887	0.0015	0.000000000211
1.4300	0.9901	0.0014	0.000000000183
1.4400	0.9915	0.0013	0.000000000157
1.4500	0.9927	0.0012	0.000000000133
1.4600	0.9939	0.0011	0.000000000112
1.4700	0.9949	0.0010	0.000000000091
1.4800	0.9959	0.0009	0.000000000073
1.4900	0.9967	0.0008	0.000000000057
1.5000	0.9975	0.0007	0.000000000043
1.5100	0.9982	0.0006	0.000000000031
1.5200	0.9987	0.0005	0.000000000021
1.5300	0.9992	0.0004	0.000000000013
1.5400	0.9995	0.0003	0.000000000007
1.5500	0.9998	0.0002	0.000000000002
1.5600	0.9999	0.0001	0.000000000000
1.5700	1.0000	-0.0000	0.000000000000
1.5800	1.0000	-0.0001	0.000000000002
1.5900	0.9998	-0.0002	0.000000000006
1.6000	0.9996	-0.0003	0.000000000012
1.6100	0.9992	-0.0004	0.000000000020
1.6200	0.9988	-0.0005	0.000000000029
1.6300	0.9982	-0.0006	0.000000000041
1.6400	0.9976	-0.0007	0.000000000055
1.6500	0.9969	-0.0008	0.000000000071
1.6600	0.9960	-0.0009	0.000000000088
1.6700	0.9951	-0.0010	0.000000000108
1.6800	0.9940	-0.0011	0.000000000130
1.6900	0.9929	-0.0012	0.000000000153
1.7000	0.9917	-0.0013	0.000000000179
1.7100	0.9903	-0.0014	0.000000000207
1.7200	0.9889	-0.0015	0.000000000236
1.7300	0.9874	-0.0016	0.000000000267
1.7400	0.9857	-0.0017	0.000000000300
1.7500	0.9840	-0.0018	0.000000000335
1.7600	0.9822	-0.0019	0.000000000372
1.7700	0.9802	-0.0020	0.000000000411
1.7800	0.9782	-0.0021	0.000000000452
1.7900	0.9761	-0.0022	0.000000000494
1.8000	0.9738	-0.0023	0.000000000539
1.8100	0.9715	-0.0024	0.000000000585
1.8200	0.9691	-0.0025	0.000000000632
1.8300	0.9666	-0.0026	0.000000000682
1.8400	0.9640	-0.0027	0.000000000733
1.8500	0.9613	-0.0028	0.000000000786
1.8600	0.9585	-0.0029	0.000000000841
1.8700	0.9556	-0.0030	0.000000000897
1.8800	0.9526	-0.0031	0.000000000955
1.8900	0.9495	-0.0032	0.000000001015
1.9000	0.9463	-0.0033	0.000000001076
1.9100	0.9430	-0.0034	0.000000001139
1.9200	0.9396	-0.0035	0.000000001203
1.9300	0.9362	-0.0036	0.000000001269
1.9400	0.9326	-0.0037	0.000000001336
1.9500	0.9290	-0.0037	0.000000001405
1.9600	0.9252	-0.0038	0.000000001475
1.9700	0.9214	-0.0039	0.000000001547
1.9800	0.9174	-0.0040	0.000000001620
1.9900	0.9134	-0.0041	0.000000001694
